001110111101011101110100011010000110100101110011001000000110000000100110110010010111001100100000011000010000000000000000
110000111011001100100000011101000110010101110011011101000010101100011100111100000110100101110011001000000000000000000000
111001010110111001100110011010010110110001100101001000000111100011100001100101000110100001100001011101000000000000000000
011001000111011000100000011000110110111101101110011101000110100011011111100000010110100101101110011100110000000000000000
010000010001010100100000011000100110100101101110011000010111100011010011101000100111100100100000011001000000000000000000
111001001101011101100001011101000110010100100000011101000110111110100010100110000110000101110100001000000000000000000000
010000101001011101110111011001010010000001110111011010010110010011011100001011000110110000100000011001010000000000000000
101001001000000101101110011000110110111101100100011001010010100010100001100000000110100101101110011010100000000000000000
011111010011101001100101011000110111010000100000011001010111101000010000000000100111001001101111011100100000000000000000
011001110100110001110011001000000110000101101110011001000010101100010010011000000111010001101000011001010000000000000000
001111101101100001101110001000000110010001100101011000110110110111000101110111110110010001100101011000010000000000000000
