011101000110100001101001011100110010000001101001011100110010000001100001
001000000111010001100101011100110111010000100000011010010111001100100000
011001100110100101101100011001010010000001110100011010000110000101110100
001000000110001101101111011011100111010001100001011010010110111001110011
001000000110001001101001011011100110000101110010011110010010000001100100
011000010111010001100101001000000111010001101000011000010111010000100000
011101110110010100100000011101110110100101101100011011000010000001100101
011011100110001101101111011001000110010100100000011010010110111001101010
011001010110001101110100001000000110010101110010011100100110111101110010
011100110010000001100001011011100110010000100000011101000110100001100101
011011100010000001100100011001010110001101101111011001000110010101100001
